0.39378
0.00408
0.27545
0.02861
0.95317
0.20464
0.51618
0.3946
0.8831
0.19945
0.37813
0.78652
0.72386
0.686
0.08138
0.03703
0.52772
0.22858
0.47179
0.43473
0.32431
0.33564
0.02615
0.53105
0.74364
0.67163
0.58974
0.74126
0.75471
0.47024
0.86755
0.1875
0.76514
0.84044
0.51352
0.6522
0.43881
0.95965
0.05025
0.15146
0.96611
0.05324
0.34776
0.2243
0.09791
0.09991
0.68888
0.46872
0.22485
0.50506
0.6344
0.98983
0.29804
0.91162
0.05708
0.3194
0.32989
0.32008
0.66016
0.10534
0.17877
0.65644
0.96578
0.52145
0.13888
0.86659
0.96466
0.55271
0.61992
0.57872
0.89249
0.40487
0.20503
0.90113
0.64075
0.8331
0.10875
0.92569
0.60153
0.52501
0.72497
0.77632
0.21786
0.22582
0.83668
0.85763
0.7321
0.59919
0.99823
0.69659
0.22342
0.86667
0.01862
0.27392
0.10054
0.48702
0.27103
0.73096
0.84367
0.34028
